image: ./rglab_0905.pgm
resolution: 0.020000
origin: [-8.024593, -7.072867, 0.000000]
negate: 0
occupied_thresh: 0.65
free_thresh: 0.196

