image: ./rglab_0902_low_reso.pgm
resolution: 0.400000
origin: [-8.005549, -7.081374, 0.000000]
negate: 0
occupied_thresh: 0.65
free_thresh: 0.196

